=================================================================
ESPERIMENTO B — UTSP HEATMAP + LOCAL SEARCH (2-stadi, per-scenario)
=================================================================

Primo stadio x_ls : [(7, 30), (12, 24), (16, 79), (30, 73)]

TEST
  Scen |         PI |    UTSP_LS [perc, multa] | tour
     1 |  2664.2647 |  2884.8388 [2709.9842, 120.1713] | [7, 97, 35, 52, 46, 51, 9, 19, 70, 139, 12, 24, 148, 101, 131, 16, 125, 21, 44, 119, 13, 72, 79, 73, 30]
     2 |  2599.6196 |  3125.3655 [3000.3465, 70.3356] | [7, 35, 52, 19, 70, 24, 12, 148, 101, 131, 16, 79, 46, 51, 139, 9, 72, 13, 119, 44, 21, 125, 73, 30, 97]
     3 |  2521.2895 |  2675.2889 [2550.2699, 70.3356] | [7, 73, 30, 97, 46, 51, 70, 19, 9, 139, 24, 12, 148, 101, 131, 16, 72, 13, 119, 44, 21, 125, 79, 52, 35]
     4 |  2611.8154 |  2923.0918 [2868.4084, 0.0000] | [7, 73, 97, 35, 52, 79, 16, 46, 51, 70, 19, 9, 139, 24, 12, 148, 101, 131, 72, 13, 119, 44, 21, 125, 30]
     5 |  2391.9532 |  2842.5263 [2696.0554, 91.7875] | [7, 30, 35, 97, 52, 79, 16, 46, 51, 70, 19, 9, 148, 139, 24, 12, 101, 131, 72, 119, 13, 44, 125, 21, 73]
     6 |  2723.5072 |  2996.1266 [2896.5300, 44.9132] | [7, 30, 19, 70, 46, 51, 139, 9, 12, 24, 148, 101, 131, 72, 44, 119, 13, 125, 21, 79, 16, 52, 73, 35, 97]
     7 |  2717.1686 |  2935.3947 [2810.3757, 70.3356] | [7, 97, 35, 52, 79, 16, 131, 101, 148, 24, 12, 9, 19, 70, 139, 51, 46, 72, 44, 13, 119, 21, 125, 73, 30]
     8 |  2795.1371 |  2908.1497 [2808.5531, 44.9132] | [7, 30, 73, 52, 16, 79, 21, 125, 44, 119, 13, 72, 131, 101, 148, 12, 24, 139, 9, 19, 70, 51, 46, 35, 97]

  PI      (train) = 2628.0944
  STO     (train) = 2750.8648
  EEV     (train) = 2762.5519
  UTSP_LS (train) = 2911.3478

VALIDAZIONE (300 scenari, seme=99)
  UTSP_LS_val = 2944.2224
  PI_val      = 2605.2595
  STO_val     = 2750.6177
  EEV_val     = 2767.2891

  Gap LS vs STO (val) = +7.0386%
  Gap LS vs EEV (val) = +6.3937%
  Gap LS vs PI  (val) = +13.0107%

TRAINING GNN
  Epoche         = 50
  Temperatura T  = 0.486489
  Loss iniziale  = 27.88062
  Loss finale    = 11.92713
  Loss minima    = 11.92713 (ep 50)
=================================================================
