=================================================================
ESPERIMENTO B — UTSP HEATMAP + LOCAL SEARCH (2-stadi, per-scenario)
=================================================================

Primo stadio x_ls : [(7, 30), (12, 24), (16, 79), (30, 73)]

TEST
  Scen |         PI |    UTSP_LS [perc, multa] | tour
     1 |  2664.2647 |  3081.7551 [2851.0629, 176.0088] | [7, 97, 35, 52, 46, 148, 24, 139, 9, 19, 70, 131, 16, 125, 21, 44, 119, 13, 72, 51, 12, 101, 79, 73, 30]
     2 |  2599.6196 |  2857.4497 [2757.8531, 44.9132] | [7, 30, 97, 35, 52, 16, 79, 46, 51, 70, 19, 9, 139, 24, 12, 148, 101, 131, 72, 13, 119, 44, 21, 125, 73]
     3 |  2521.2895 |  2692.5957 [2593.9090, 44.0033] | [7, 73, 79, 16, 72, 13, 119, 44, 21, 125, 24, 12, 148, 101, 51, 70, 19, 9, 139, 131, 46, 52, 35, 30, 97]
     4 |  2611.8154 |  2880.6536 [2825.9702, 0.0000] | [7, 35, 52, 46, 51, 70, 19, 9, 139, 24, 12, 148, 101, 131, 72, 13, 119, 44, 21, 125, 79, 16, 30, 73, 97]
     5 |  2391.9532 |  2653.7254 [2554.1288, 44.9132] | [7, 30, 73, 35, 52, 16, 79, 125, 21, 44, 119, 13, 72, 101, 24, 12, 148, 139, 9, 19, 70, 131, 46, 51, 97]
     6 |  2723.5072 |  3001.3258 [2901.7292, 44.9132] | [7, 35, 125, 119, 13, 44, 21, 72, 131, 101, 148, 139, 9, 19, 70, 46, 51, 24, 12, 73, 30, 79, 16, 52, 97]
     7 |  2717.1686 |  2935.3947 [2810.3757, 70.3356] | [7, 97, 35, 52, 79, 16, 131, 101, 148, 24, 12, 9, 19, 70, 139, 51, 46, 72, 44, 13, 119, 21, 125, 73, 30]
     8 |  2795.1371 |  2908.1497 [2808.5531, 44.9132] | [7, 30, 73, 52, 16, 79, 21, 125, 44, 119, 13, 72, 131, 101, 148, 12, 24, 139, 9, 19, 70, 51, 46, 35, 97]

  PI      (train) = 2628.0944
  STO     (train) = 2750.8648
  EEV     (train) = 2762.5519
  UTSP_LS (train) = 2876.3812

VALIDAZIONE (300 scenari, seme=99)
  UTSP_LS_val = 2956.4239
  PI_val      = 2605.2595
  STO_val     = 2750.6177
  EEV_val     = 2767.2891

  Gap LS vs STO (val) = +7.4822%
  Gap LS vs EEV (val) = +6.8347%
  Gap LS vs PI  (val) = +13.4791%

TRAINING GNN
  Epoche         = 50
  Temperatura T  = 0.486489
  Loss iniziale  = 26.88279
  Loss finale    = 12.33572
  Loss minima    = 12.33536 (ep 48)
=================================================================
