=================================================================
ESPERIMENTO B — UTSP HEATMAP + LOCAL SEARCH (2-stadi, per-scenario)
=================================================================

Primo stadio x_ls : [(7, 30), (12, 24), (16, 79), (30, 73)]

TEST
  Scen |         PI |    UTSP_LS [perc, multa] | tour
     1 |  2664.2647 |  3140.1144 [2990.6822, 94.7489] | [7, 97, 131, 51, 46, 70, 19, 9, 139, 12, 24, 148, 101, 72, 119, 13, 44, 21, 125, 79, 16, 52, 35, 73, 30]
     2 |  2599.6196 |  3004.3382 [2949.6548, 0.0000] | [7, 30, 97, 139, 9, 19, 70, 24, 12, 148, 101, 131, 51, 46, 16, 72, 13, 119, 44, 125, 21, 79, 52, 35, 73]
     3 |  2521.2895 |  2700.3021 [2570.9674, 74.6513] | [7, 73, 30, 97, 35, 16, 72, 131, 13, 119, 44, 21, 125, 79, 52, 46, 51, 70, 19, 9, 139, 24, 12, 148, 101]
     4 |  2611.8154 |  3123.2983 [2998.2793, 70.3356] | [7, 35, 52, 79, 21, 125, 44, 101, 148, 12, 24, 139, 9, 19, 70, 46, 51, 13, 119, 72, 131, 16, 30, 73, 97]
     5 |  2391.9532 |  2990.1786 [2843.7076, 91.7875] | [7, 30, 35, 46, 51, 70, 19, 9, 148, 139, 24, 12, 101, 131, 72, 16, 79, 52, 119, 13, 44, 125, 21, 73, 97]
     6 |  2723.5072 |  3001.3258 [2901.7292, 44.9132] | [7, 35, 125, 119, 13, 44, 21, 72, 131, 101, 148, 139, 9, 19, 70, 46, 51, 24, 12, 73, 30, 79, 16, 52, 97]
     7 |  2717.1686 |  2935.3947 [2810.3757, 70.3356] | [7, 97, 35, 52, 79, 16, 131, 101, 148, 24, 12, 9, 19, 70, 139, 51, 46, 72, 44, 13, 119, 21, 125, 73, 30]
     8 |  2795.1371 |  2908.1497 [2808.5531, 44.9132] | [7, 30, 73, 52, 16, 79, 21, 125, 44, 119, 13, 72, 131, 101, 148, 12, 24, 139, 9, 19, 70, 51, 46, 35, 97]

  PI      (train) = 2628.0944
  STO     (train) = 2750.8648
  EEV     (train) = 2762.5519
  UTSP_LS (train) = 2975.3877

VALIDAZIONE (300 scenari, seme=99)
  UTSP_LS_val = 2938.0597
  PI_val      = 2605.2595
  STO_val     = 2750.6177
  EEV_val     = 2767.2891

  Gap LS vs STO (val) = +6.8145%
  Gap LS vs EEV (val) = +6.1710%
  Gap LS vs PI  (val) = +12.7742%

TRAINING GNN
  Epoche         = 50
  Temperatura T  = 0.486489
  Loss iniziale  = 28.08717
  Loss finale    = 12.33514
  Loss minima    = 12.33514 (ep 50)
=================================================================
