=================================================================
ESPERIMENTO B — UTSP HEATMAP + LOCAL SEARCH (2-stadi, per-scenario)
=================================================================

Primo stadio x_ls : [(12, 24), (16, 79), (30, 73)]

TEST
  Scen |         PI |    UTSP_LS [perc, multa] | tour
     1 |  2664.2647 |  2894.4192 [2778.0768, 73.4822] | [7, 97, 35, 52, 46, 51, 9, 19, 70, 139, 12, 24, 148, 101, 131, 72, 119, 13, 44, 21, 79, 16, 125, 73, 30]
     2 |  2599.6196 |  2983.2037 [2895.4304, 44.9132] | [7, 35, 72, 131, 101, 148, 24, 12, 9, 70, 19, 139, 51, 46, 52, 16, 79, 21, 44, 13, 119, 125, 73, 30, 97]
     3 |  2521.2895 |  2725.7406 [2612.5449, 70.3356] | [7, 125, 24, 12, 46, 70, 19, 9, 139, 51, 148, 101, 131, 16, 72, 13, 119, 44, 21, 79, 52, 35, 73, 30, 97]
     4 |  2611.8154 |  2883.4524 [2840.5923, 0.0000] | [7, 79, 16, 125, 52, 35, 46, 51, 70, 19, 9, 139, 24, 12, 148, 101, 131, 72, 13, 119, 44, 21, 30, 73, 97]
     5 |  2391.9532 |  2940.7221 [2826.4312, 71.4308] | [7, 30, 73, 16, 46, 51, 24, 12, 101, 148, 139, 9, 19, 70, 52, 79, 125, 21, 44, 119, 13, 72, 131, 35, 97]
     6 |  2723.5072 |  2989.5025 [2901.7292, 44.9132] | [7, 35, 125, 119, 13, 44, 21, 72, 131, 101, 148, 139, 9, 19, 70, 46, 51, 24, 12, 73, 30, 79, 16, 52, 97]
     7 |  2717.1686 |  2947.2180 [2810.3757, 93.9822] | [7, 97, 35, 52, 79, 16, 131, 101, 148, 24, 12, 9, 19, 70, 139, 51, 46, 72, 44, 13, 119, 21, 125, 73, 30]
     8 |  2795.1371 |  2919.9730 [2808.5531, 68.5598] | [7, 30, 73, 52, 16, 79, 21, 125, 44, 119, 13, 72, 131, 101, 148, 12, 24, 139, 9, 19, 70, 51, 46, 35, 97]

  PI      (train) = 2628.0944
  STO     (train) = 2750.8648
  EEV     (train) = 2762.5519
  UTSP_LS (train) = 2910.5289

VALIDAZIONE (300 scenari, seme=99)
  UTSP_LS_val = 2955.8280
  PI_val      = 2605.2595
  STO_val     = 2750.6177
  EEV_val     = 2767.2891

  Gap LS vs STO (val) = +7.4605%
  Gap LS vs EEV (val) = +6.8131%
  Gap LS vs PI  (val) = +13.4562%

TRAINING GNN
  Epoche         = 50
  Temperatura T  = 0.486489
  Loss iniziale  = 28.10307
  Loss finale    = 12.37280
  Loss minima    = 12.37280 (ep 50)
=================================================================
